#------------------------------------------------------
# Timeseries retrieved from the MATROOS series database
# Created at Tue Feb 27 09:20:54 CET 2018
#------------------------------------------------------
# Location    : cadzand
# Position    : (3.376422,51.380190)
# Source      : observed
# Unit        : waterlevel_astro
# Analyse time: 000000000000
# Timezone    : GMT
#------------------------------------------------------
201312050000   0.4500
201312050010   0.7100
201312050020   0.9900
201312050030   1.2900
201312050040   1.5900
201312050050   1.8600
201312050100   2.1000
201312050110   2.2800
201312050120   2.4000
201312050130   2.4500
201312050140   2.4500
201312050150   2.4100
201312050200   2.3300
201312050210   2.2400
201312050220   2.1400
201312050230   2.0500
201312050240   1.9600
201312050250   1.8900
201312050300   1.8200
201312050310   1.7500
201312050320   1.6800
201312050330   1.5900
201312050340   1.4900
201312050350   1.3700
201312050400   1.2400
201312050410   1.1000
201312050420   0.9600
201312050430   0.8100
201312050440   0.6600
201312050450   0.5100
201312050500   0.3500
201312050510   0.1900
201312050520   0.0200
201312050530   -0.1600
201312050540   -0.3400
201312050550   -0.5100
201312050600   -0.6900
201312050610   -0.8600
201312050620   -1.0200
201312050630   -1.1700
201312050640   -1.3100
201312050650   -1.4400
201312050700   -1.5700
201312050710   -1.6900
201312050720   -1.8000
201312050730   -1.9000
201312050740   -1.9800
201312050750   -2.0500
201312050800   -2.0900
201312050810   -2.1100
201312050820   -2.0900
201312050830   -2.0500
201312050840   -1.9800
201312050850   -1.8900
201312050900   -1.8000
201312050910   -1.7000
201312050920   -1.6100
201312050930   -1.5200
201312050940   -1.4300
201312050950   -1.3500
201312051000   -1.2800
201312051010   -1.2000
201312051020   -1.1100
201312051030   -1.0100
201312051040   -0.9100
201312051050   -0.8100
201312051100   -0.7000
201312051110   -0.6000
201312051120   -0.5000
201312051130   -0.4000
201312051140   -0.2800
201312051150   -0.1500
201312051200   0.0100
201312051210   0.2000
201312051220   0.4400
201312051230   0.7100
201312051240   1.0100
201312051250   1.3300
201312051300   1.6500
201312051310   1.9400
201312051320   2.1900
201312051330   2.3900
201312051340   2.5100
201312051350   2.5700
201312051400   2.5700
201312051410   2.5200
201312051420   2.4400
201312051430   2.3400
201312051440   2.2400
201312051450   2.1400
201312051500   2.0600
201312051510   2.0000
201312051520   1.9400
201312051530   1.8800
201312051540   1.8200
201312051550   1.7400
201312051600   1.6500
201312051610   1.5400
201312051620   1.4100
201312051630   1.2700
201312051640   1.1300
201312051650   0.9700
201312051700   0.8100
201312051710   0.6500
201312051720   0.4900
201312051730   0.3200
201312051740   0.1500
201312051750   -0.0200
201312051800   -0.2000
201312051810   -0.3700
201312051820   -0.5500
201312051830   -0.7100
201312051840   -0.8600
201312051850   -1.0100
201312051900   -1.1400
201312051910   -1.2700
201312051920   -1.3900
201312051930   -1.5000
201312051940   -1.6100
201312051950   -1.7100
201312052000   -1.7900
201312052010   -1.8600
201312052020   -1.8900
201312052030   -1.9000
201312052040   -1.8800
201312052050   -1.8300
201312052100   -1.7500
201312052110   -1.6600
201312052120   -1.5500
201312052130   -1.4400
201312052140   -1.3500
201312052150   -1.2600
201312052200   -1.1800
201312052210   -1.1100
201312052220   -1.0500
201312052230   -0.9800
201312052240   -0.9200
201312052250   -0.8500
201312052300   -0.7700
201312052310   -0.6900
201312052320   -0.6100
201312052330   -0.5400
201312052340   -0.4600
201312052350   -0.3800
201312060000   -0.3000
201312060010   -0.2000
201312060020   -0.0800
201312060030   0.0700
201312060040   0.2700
201312060050   0.5000
201312060100   0.7600
201312060110   1.0500
201312060120   1.3500
201312060130   1.6300
201312060140   1.8900
201312060150   2.0900
201312060200   2.2400
201312060210   2.3300
201312060220   2.3600
201312060230   2.3500
201312060240   2.3000
201312060250   2.2200
201312060300   2.1400
201312060310   2.0500
201312060320   1.9800
201312060330   1.9100
201312060340   1.8400
201312060350   1.7700
201312060400   1.7000
201312060410   1.6200
201312060420   1.5200
201312060430   1.4100
201312060440   1.2900
201312060450   1.1600
201312060500   1.0200
201312060510   0.8800
201312060520   0.7400
201312060530   0.5900
201312060540   0.4300
201312060550   0.2700
201312060600   0.1100
201312060610   -0.0600
201312060620   -0.2400
201312060630   -0.4200
201312060640   -0.6000
201312060650   -0.7700
201312060700   -0.9300
201312060710   -1.0800
201312060720   -1.2300
201312060730   -1.3600
201312060740   -1.4900
201312060750   -1.6200
201312060800   -1.7300
201312060810   -1.8400
201312060820   -1.9400
201312060830   -2.0300
201312060840   -2.0900
201312060850   -2.1200
201312060900   -2.1300
201312060910   -2.1100
201312060920   -2.0700
201312060930   -2.0000
201312060940   -1.9200
201312060950   -1.8400
201312061000   -1.7500
201312061010   -1.6600
201312061020   -1.5800
201312061030   -1.5000
201312061040   -1.4200
201312061050   -1.3300
201312061100   -1.2300
201312061110   -1.1300
201312061120   -1.0300
201312061130   -0.9200
201312061140   -0.8100
201312061150   -0.7100
201312061200   -0.6100
201312061210   -0.5200
201312061220   -0.4100
201312061230   -0.3000
201312061240   -0.1500
201312061250   0.0200
201312061300   0.2400
201312061310   0.4900
201312061320   0.7800
201312061330   1.0900
201312061340   1.4100
201312061350   1.7100
201312061400   1.9800
201312061410   2.2000
201312061420   2.3700
201312061430   2.4600
201312061440   2.5000
201312061450   2.4900
201312061500   2.4300
201312061510   2.3600
201312061520   2.2800
201312061530   2.2000
201312061540   2.1200
201312061550   2.0600
201312061600   2.0000
201312061610   1.9400
201312061620   1.8800
201312061630   1.8100
201312061640   1.7200
201312061650   1.6200
201312061700   1.5000
201312061710   1.3700
201312061720   1.2400
201312061730   1.0900
201312061740   0.9500
201312061750   0.8000
201312061800   0.6400
201312061810   0.4800
201312061820   0.3100
201312061830   0.1400
201312061840   -0.0300
201312061850   -0.2100
201312061900   -0.3800
201312061910   -0.5400
201312061920   -0.7000
201312061930   -0.8500
201312061940   -0.9800
201312061950   -1.1100
201312062000   -1.2400
201312062010   -1.3500
201312062020   -1.4600
201312062030   -1.5700
201312062040   -1.6600
201312062050   -1.7400
201312062100   -1.7900
201312062110   -1.8200
201312062120   -1.8100
201312062130   -1.7800
201312062140   -1.7200
201312062150   -1.6500
201312062200   -1.5600
201312062210   -1.4600
201312062220   -1.3700
201312062230   -1.2900
201312062240   -1.2100
201312062250   -1.1400
201312062300   -1.0700
201312062310   -1.0100
201312062320   -0.9400
201312062330   -0.8600
201312062340   -0.7900
201312062350   -0.7100
201312070000   -0.6300

