#------------------------------------------------------
# Timeseries retrieved from the MATROOS series database
# Created at Mon Feb 26 16:12:04 CET 2018
#------------------------------------------------------
# Location    : vlissingen
# Position    : (3.597577,51.443861)
# Source      : observed
# Unit        : waterlevel
# Analyse time: 000000000000
# Timezone    : GMT
#------------------------------------------------------
201312050000   0.0900
201312050010   0.2300
201312050020   0.4100
201312050030   0.6200
201312050040   0.8600
201312050050   1.1500
201312050100   1.4900
201312050110   1.8100
201312050120   2.1000
201312050130   2.3200
201312050140   2.4700
201312050150   2.5600
201312050200   2.6000
201312050210   2.6100
201312050220   2.5800
201312050230   2.5300
201312050240   2.4500
201312050250   2.3700
201312050300   2.2900
201312050310   2.2200
201312050320   2.1300
201312050330   2.0300
201312050340   1.9400
201312050350   1.8400
201312050400   1.7500
201312050410   1.6500
201312050420   1.5400
201312050430   1.4200
201312050440   1.2700
201312050450   1.1000
201312050500   0.9300
201312050510   0.7500
201312050520   0.5500
201312050530   0.3500
201312050540   0.1400
201312050550   -0.0400
201312050600   -0.2400
201312050610   -0.4300
201312050620   -0.6000
201312050630   -0.7600
201312050640   -0.9100
201312050650   -1.0600
201312050700   -1.1900
201312050710   -1.3200
201312050720   -1.4400
201312050730   -1.5600
201312050740   -1.6700
201312050750   -1.7700
201312050800   -1.8500
201312050810   -1.9200
201312050820   -1.9700
201312050830   -1.9800
201312050840   -1.9800
201312050850   -1.9500
201312050900   -1.9000
201312050910   -1.8300
201312050920   -1.7300
201312050930   -1.6400
201312050940   -1.5600
201312050950   -1.4800
201312051000   -1.3900
201312051010   -1.3200
201312051020   -1.2400
201312051030   -1.1700
201312051040   -1.1000
201312051050   -1.0200
201312051100   -0.9200
201312051110   -0.8200
201312051120   -0.7500
201312051130   -0.6700
201312051140   -0.5600
201312051150   -0.4500
201312051200   -0.3300
201312051210   -0.2100
201312051220   -0.0500
201312051230   0.1400
201312051240   0.3500
201312051250   0.6400
201312051300   0.9700
201312051310   1.3100
201312051320   1.6200
201312051330   1.9100
201312051340   2.1400
201312051350   2.2900
201312051400   2.4000
201312051410   2.4400
201312051420   2.4500
201312051430   2.4400
201312051440   2.4000
201312051450   2.3600
201312051500   2.3000
201312051510   2.2200
201312051520   2.1700
201312051530   2.0800
201312051540   1.9700
201312051550   1.8700
201312051600   1.7800
201312051610   1.7200
201312051620   1.6400
201312051630   1.6000
201312051640   1.5300
201312051650   1.4800
201312051700   1.4800
201312051710   1.5000
201312051720   1.4300
201312051730   1.3600
201312051740   1.3000
201312051750   1.2300
201312051800   1.1100
201312051810   0.9500
201312051820   0.8200
201312051830   0.6600
201312051840   0.4900
201312051850   0.3500
201312051900   0.2200
201312051910   0.1600
201312051920   0.0700
201312051930   -0.0500
201312051940   -0.1900
201312051950   -0.1800
201312052000   -0.0800
201312052010   -0.0200
201312052020   0.0300
201312052030   0.1300
201312052040   0.2600
201312052050   0.3100
201312052100   0.4400
201312052110   0.5600
201312052120   0.6300
201312052130   0.6400
201312052140   0.7200
201312052150   0.7800
201312052200   0.8700
201312052210   0.9000
201312052220   0.9800
201312052230   1.0700
201312052240   1.1700
201312052250   1.2300
201312052300   1.3200
201312052310   1.3600
201312052320   1.4300
201312052330   1.5100
201312052340   1.6200
201312052350   1.7000
201312060000   1.8200
201312060010   1.9500
201312060020   2.0600
201312060030   2.1500
201312060040   2.2700
201312060050   2.3900
201312060100   2.4900
201312060110   2.6000
201312060120   2.7500
201312060130   2.8900
201312060140   3.0500
201312060150   3.2800
201312060200   3.4600
201312060210   3.6000
201312060220   3.7600
201312060230   3.8700
201312060240   3.9200
201312060250   3.9800
201312060300   3.9900
201312060310   3.9300
201312060320   3.8000
201312060330   3.7700
201312060340   3.7000
201312060350   3.5900
201312060400   3.4800
201312060410   3.3400
201312060420   3.2500
201312060430   3.1400
201312060440   3.0400
201312060450   2.9800
201312060500   2.8200
201312060510   2.6700
201312060520   2.5600
201312060530   2.4100
201312060540   2.2000
201312060550   2.0200
201312060600   1.8200
201312060610   1.5700
201312060620   1.3700
201312060630   1.1600
201312060640   0.9900
201312060650   0.7700
201312060700   0.6000
201312060710   0.4600
201312060720   0.2800
201312060730   0.1400
201312060740   0.0400
201312060750   -0.0700
201312060800   -0.1800
201312060810   -0.2900
201312060820   -0.3700
201312060830   -0.4200
201312060840   -0.4900
201312060850   -0.5600
201312060900   -0.5900
201312060910   -0.6200
201312060920   -0.6400
201312060930   -0.5900
201312060940   -0.5400
201312060950   -0.5200
201312061000   -0.4200
201312061010   -0.3100
201312061020   -0.2400
201312061030   -0.1600
201312061040   -0.0800
201312061050   0.0300
201312061100   0.1000
201312061110   0.1400
201312061120   0.2000
201312061130   0.2900
201312061140   0.3500
201312061150   0.3800
201312061200   0.4700
201312061210   0.5300
201312061220   0.6100
201312061230   0.6900
201312061240   0.7800
201312061250   0.8600
201312061300   0.9700
201312061310   1.0400
201312061320   1.1500
201312061330   1.3100
201312061340   1.4700
201312061350   1.6200
201312061400   1.8400
201312061410   2.1100
201312061420   2.4100
201312061430   2.6800
201312061440   2.9700
201312061450   3.1800
201312061500   3.3000
201312061510   3.3700
201312061520   3.4000
201312061530   3.3700
201312061540   3.2900
201312061550   3.2000
201312061600   3.1300
201312061610   3.0400
201312061620   2.9500
201312061630   2.8700
201312061640   2.7500
201312061650   2.6100
201312061700   2.5100
201312061710   2.4000
201312061720   2.2900
201312061730   2.1600
201312061740   2.0200
201312061750   1.8600
201312061800   1.7100
201312061810   1.5200
201312061820   1.3100
201312061830   1.0700
201312061840   0.8600
201312061850   0.6500
201312061900   0.4100
201312061910   0.1900
201312061920   -0.0200
201312061930   -0.2400
201312061940   -0.4300
201312061950   -0.5800
201312062000   -0.7400
201312062010   -0.8800
201312062020   -1.0100
201312062030   -1.1300
201312062040   -1.2500
201312062050   -1.3300
201312062100   -1.4300
201312062110   -1.5000
201312062120   -1.5300
201312062130   -1.5600
201312062140   -1.5900
201312062150   -1.5900
201312062200   -1.5800
201312062210   -1.5200
201312062220   -1.4400
201312062230   -1.3700
201312062240   -1.3100
201312062250   -1.2000
201312062300   -1.1300
201312062310   -1.0300
201312062320   -0.9200
201312062330   -0.8700
201312062340   -0.8000
201312062350   -0.7200
201312070000   -0.6600

